[0.1600,14.3287,-0.9603],
[0.6800,6.2134,0.3382],
[1.3200,4.0273,1.8247],
[2.0000,2.3499,4.0389],
[2.2800,1.9974,4.7438],
[2.5200,1.0195,6.9734],
[2.7600,0.7037,7.7692],
[3.0400,1.2902,6.1506],
[3.1200,-4.2879,23.1080],
[3.5200,0.6237,7.7838],
[3.8800,1.3331,5.2865],
[4.1600,0.7578,7.5190],
[4.6400,2.1716,1.6374],
[4.6800,-2.0906,21.4140],
[4.8400,1.3285,5.4124],
[5.0000,1.2883,5.6073],
[5.0400,0.1428,11.2442],
[5.1200,1.2484,5.6717],
[5.1600,0.1213,11.4428],
[5.2400,-0.9675,17.0610],
[6.7200,0.2657,10.5991],
[8.6800,0.2640,10.6102],
[11.1200,0.1703,11.4232],
[14.0400,0.0823,12.4023],
[17.7600,0.0720,12.5463],
[22.4000,0.0503,12.9329],
[28.0400,0.0230,13.5434],
[35.2000,0.0237,13.5253],
[44.0800,0.0152,13.8216],
[55.0400,0.0087,14.1084]
