[0.4400,2.8411,1.4311],
[0.8800,3.2895,1.2338],
[2.4000,2.9653,1.5191],
[3.8400,1.3660,5.3574],
[5.4400,0.5832,8.3635],
[7.4400,0.2877,9.9707],
[10.1600,0.2177,10.4919],
[13.6000,0.1018,11.6692],
[18.2400,0.0839,11.9131],
[24.2800,0.0488,12.5531],
[32.2400,0.0337,12.9183],
[42.7600,0.0242,13.2265],
[56.3600,0.0126,13.7202],
[74.4000,0.0107,13.8298],
[97.9600,0.0068,14.1200],
[128.8000,0.0045,14.3411],
[169.1200,0.0030,14.5378],
[222.0800,0.0023,14.6540],
[290.8000,0.0012,14.9058],
[380.1200,0.0006,15.0721],
[498.1200,0.0008,15.0025],
[657.8000,0.0013,14.7302],
[856.3600,0.0000,15.6345],
[994.2000,-0.0001,15.6472],
[995.0400,-0.0026,18.1989],
[995.9600,-0.0010,16.6131],
[996.8400,-0.0018,17.3654],
[997.8000,-0.0003,15.9164],
[998.7600,-0.0003,15.9157],
[999.5200,0.0000,15.5849],
[1000.3600,-0.0026,18.1785],
[1104.8000,0.0001,15.4482]
