[0.4800,1.5800,2.1665],
[1.5000,4.0317,0.9897],
[2.7000,2.2317,3.6898],
[3.9400,0.9385,7.1815],
[5.4800,0.4817,8.9812],
[7.4400,0.2503,10.2490],
[10.0200,0.1616,10.9088],
[13.6800,0.1645,10.8802],
[18.0800,0.0442,12.5259],
[24.3000,0.0681,12.0929],
[32.1600,0.0283,13.0609],
[42.6400,0.0238,13.2069],
[56.1200,0.0112,13.7447],
[74.2000,0.0119,13.7035],
[97.6000,0.0062,14.1262],
[128.1600,0.0039,14.3476],
[168.3200,0.0031,14.4545],
[220.9600,0.0022,14.5993],
[289.3400,0.0012,14.8295],
[378.2600,0.0006,14.9902],
[495.3600,0.0007,14.9605],
[655.2600,0.0015,14.5719],
[852.9600,0.0000,15.5797],
[992.4600,0.0000,15.5600],
[993.3800,-0.0010,16.4946],
[994.3800,0.0004,15.1745],
[995.4400,0.0012,14.3171],
[996.5000,0.0012,14.3195],
[997.5400,0.0009,14.5970],
[998.5200,0.0000,15.4917],
[999.5200,0.0004,15.1823],
[1101.9400,-0.0012,16.7761]
