[0.6800,4.3413,1.1916],
[1.7500,3.8005,1.5593],
[2.9800,2.0428,4.6353],
[4.3100,0.8856,8.0838],
[5.6400,0.0447,11.7081],
[7.8300,0.3590,9.9353],
[10.3400,0.0726,12.1777],
[14.0000,0.1391,11.4904],
[18.5500,0.0514,12.7186],
[24.5300,0.0347,13.0274],
[32.4000,0.0250,13.2660],
[42.9600,0.0238,13.3037],
[56.7200,0.0143,13.7111],
[74.6200,0.0080,14.0685],
[97.9800,0.0051,14.2859],
[128.6000,0.0037,14.4246],
[168.8000,0.0029,14.5310],
[221.4500,0.0020,14.6706],
[290.0100,0.0012,14.8577],
[379.2700,0.0007,15.0076],
[495.5200,0.0004,15.1150],
[647.2200,0.0003,15.1760],
[844.2600,0.0001,15.2826],
[1101.8700,0.0001,15.2797]
