[0.3700,0.6726,0.0417],
[0.6450,0.4170,0.1363],
[0.9950,0.2642,0.2348],
[1.4100,0.1621,0.3365],
[1.8850,0.0827,0.4484],
[2.4600,0.0472,0.5154],
[2.6700,0.0193,0.5838],
[2.9000,-0.0121,0.6677],
[3.0500,-0.0482,0.7725],
[3.1850,-0.0006,0.6271],
[3.4700,0.0296,0.5312],
[3.8200,0.0526,0.4511],
[4.0450,0.0490,0.4651],
[4.6150,0.0362,0.5167],
[5.3050,0.0169,0.6057],
[6.7150,0.0061,0.6634],
[8.4800,0.0038,0.6788],
[10.7550,0.0044,0.6738],
[17.1100,0.0019,0.7004],
[21.5150,0.0010,0.7164],
[27.0600,0.0007,0.7210],
[33.9900,0.0004,0.7294],
[45.9100,0.0002,0.7356]
