[0.4700,0.7103,0.0353],
[0.6900,0.2927,0.2315],
[1.0300,0.2404,0.2677],
[1.3600,0.0900,0.4225],
[1.9000,0.1187,0.3835],
[2.3900,0.0089,0.5922],
[2.6700,0.0787,0.4254],
[2.9100,-0.0025,0.6421],
[3.0700,-0.0332,0.7315],
[3.2100,0.0052,0.6135],
[3.4900,0.0256,0.5481],
[3.6500,-0.0891,0.9484],
[3.9100,0.0689,0.3717],
[4.6300,0.0625,0.3967],
[5.2500,0.0036,0.6692],
[6.6800,0.0085,0.6440],
[8.5400,0.0083,0.6453],
[10.7300,0.0015,0.7032],
[17.0100,0.0015,0.7030],
[21.4900,0.0017,0.6995],
[27.0900,0.0010,0.7139],
[33.9800,0.0003,0.7342],
[46.0000,0.0051,0.5703]
