[0.3300,0.7118,0.0243],
[0.6100,0.4432,0.1129],
[0.9300,0.2561,0.2270],
[1.3400,0.1749,0.3026],
[1.8700,0.1179,0.3789],
[2.4700,0.0575,0.4919],
[2.6800,0.0184,0.5884],
[2.9200,-0.0033,0.6467],
[3.0700,-0.0500,0.7830],
[3.1700,-0.0712,0.8482],
[3.5200,0.0586,0.4367],
[3.8500,0.0437,0.4892],
[3.9200,-0.2085,1.4602],
[4.5500,0.0500,0.4467],
[5.2000,0.0116,0.6214],
[6.6300,0.0094,0.6331],
[8.4600,0.0076,0.6449],
[10.7300,0.0044,0.6721],
[17.0900,0.0020,0.6974],
[21.4800,0.0009,0.7168],
[27.0300,0.0008,0.7184],
[33.9700,0.0005,0.7271],
[42.6900,0.0004,0.7294],
[53.4300,0.0000,0.7452]
