[0.3500,0.5775,0.0728],
[0.6900,0.4666,0.1116],
[1.0100,0.2241,0.2789],
[1.4000,0.1429,0.3609],
[1.8600,0.0767,0.4537],
[2.5200,0.0766,0.4538],
[2.6800,-0.0560,0.7879],
[2.9100,-0.0129,0.6725],
[3.0600,-0.0491,0.7777],
[3.2400,0.0482,0.4800],
[3.4900,0.0051,0.6196],
[3.8500,0.0553,0.4446],
[4.0400,0.0267,0.5544],
[4.6700,0.0470,0.4725],
[5.2800,0.0004,0.6900],
[6.7300,0.0092,0.6435],
[8.5400,0.0056,0.6681],
[10.7900,0.0032,0.6883],
[17.1300,0.0017,0.7052],
[21.5500,0.0010,0.7159],
[27.0800,0.0006,0.7247],
[34.0300,0.0005,0.7286],
[46.0300,0.0051,0.5725]
